16
53.235800	 57.706800	 36.823800
54.538200	 56.858000	 36.859800
53.233900	 57.674800	 37.960000
53.789100	 56.866200	 37.489200
53.704100	 56.598700	 38.776700
54.514500	 57.863300	 37.763500
54.498100	 56.456800	 38.354800
54.819900	 57.145800	 38.354800
53.409300	 57.428200	 39.256000
54.074900	 57.873800	 38.866700
53.746900	 56.570700	 39.873400
54.649600	 56.257200	 39.392000
54.666000	 57.521000	 39.757000
53.564600	 57.161800	 40.779900
54.842600	 56.738500	 40.755500
54.257400	 56.071900	 40.768900
21
1	 1	 2	 6	 4
1	 6	 1	 4	 3
1	 6	 2	 8	 4
1	 2	 4	 7	 8
1	 14	 9	 13	 11
1	 15	 14	 13	 11
1	 13	 15	 11	 12
1	 11	 16	 12	 15
1	 15	 14	 11	 16
1	 11	 5	 9	 13
1	 11	 5	 13	 12
1	 12	 7	 5	 8
1	 10	 5	 3	 8
1	 8	 6	 4	 3
1	 7	 5	 8	 4
1	 3	 10	 9	 5
1	 10	 9	 5	 13
1	 5	 10	 13	 8
1	 13	 5	 8	 12
1	 6	 8	 10	 3
1	 4	 3	 5	 8
28
1	 2	 6
1	 2	 4
6	 1	 3
1	 4	 3
6	 2	 8
2	 4	 7
2	 7	 8
14	 9	 13
14	 9	 11
15	 14	 13
13	 15	 12
11	 16	 12
16	 12	 15
15	 14	 16
14	 11	 16
11	 5	 9
11	 5	 12
12	 7	 5
12	 7	 8
7	 5	 4
3	 10	 9
3	 9	 5
10	 9	 13
10	 13	 8
13	 8	 12
6	 8	 10
6	 10	 3
4	 3	 5
