38
19.296200	 6.392850	 15.766500
18.440700	 7.029290	 15.747400
18.114100	 7.103570	 15.822700
18.909800	 7.683920	 15.809900
19.468100	 7.425060	 15.797100
18.673700	 6.120550	 15.844800
18.164600	 7.087500	 16.818700
19.215700	 7.579910	 16.448400
19.623800	 6.568740	 15.857500
19.313600	 6.254640	 15.899200
18.366200	 7.426310	 16.790600
19.604700	 6.737500	 16.375000
18.244400	 6.529100	 16.771900
18.793700	 7.644340	 16.901600
19.318900	 7.531340	 17.556200
18.266600	 7.203060	 17.405100
18.550200	 6.225660	 16.953700
19.498800	 6.443210	 17.060900
18.254900	 6.504100	 17.878100
19.586300	 7.209380	 16.895300
18.169200	 7.100000	 18.443700
18.675000	 7.624940	 17.975000
19.641700	 6.768750	 17.254700
19.125000	 6.175060	 16.890600
19.100000	 7.634450	 18.193700
18.976100	 6.115440	 17.823300
19.594500	 6.606250	 18.095300
19.533200	 7.320910	 17.793800
18.194500	 7.234830	 18.900900
18.254600	 6.492710	 19.020800
19.639400	 7.037500	 17.984400
18.650400	 6.155860	 18.893800
18.347900	 7.452430	 19.023300
19.300500	 6.241370	 18.964800
19.145900	 7.618650	 19.015600
19.675000	 7.164060	 18.961100
19.340100	 6.781100	 19.049800
18.891100	 6.884440	 17.655700
79
1	 1	 10	 9	 12
1	 10	 6	 13	 1
1	 33	 21	 37	 29
1	 4	 5	 8	 2
1	 3	 11	 7	 2
1	 3	 11	 2	 4
1	 2	 11	 8	 4
1	 14	 4	 8	 11
1	 9	 1	 12	 5
1	 25	 36	 37	 28
1	 3	 7	 13	 2
1	 13	 6	 3	 2
1	 21	 37	 38	 22
1	 28	 25	 38	 37
1	 27	 36	 31	 37
1	 27	 34	 36	 37
1	 25	 37	 36	 35
1	 38	 24	 13	 18
1	 8	 2	 5	 20
1	 38	 8	 20	 2
1	 5	 12	 2	 1
1	 17	 13	 24	 6
1	 12	 10	 18	 13
1	 1	 2	 6	 13
1	 24	 13	 10	 6
1	 13	 12	 10	 1
1	 12	 2	 1	 13
1	 30	 33	 37	 29
1	 33	 22	 37	 21
1	 22	 25	 35	 37
1	 20	 23	 31	 38
1	 31	 28	 20	 38
1	 15	 20	 28	 38
1	 38	 31	 28	 37
1	 25	 15	 28	 38
1	 15	 25	 22	 38
1	 14	 15	 22	 38
1	 20	 15	 8	 38
1	 8	 15	 14	 38
1	 14	 22	 16	 38
1	 8	 14	 11	 38
1	 16	 11	 14	 38
1	 12	 23	 20	 38
1	 38	 20	 12	 2
1	 11	 2	 8	 38
1	 5	 2	 12	 20
1	 11	 16	 7	 38
1	 11	 7	 2	 38
1	 16	 13	 7	 38
1	 2	 7	 13	 38
1	 13	 12	 2	 38
1	 13	 17	 24	 38
1	 38	 13	 12	 18
1	 18	 23	 12	 38
1	 18	 10	 24	 13
1	 24	 17	 26	 38
1	 18	 24	 26	 38
1	 23	 18	 27	 38
1	 26	 27	 18	 38
1	 27	 31	 23	 38
1	 36	 31	 37	 28
1	 37	 31	 27	 38
1	 27	 26	 34	 38
1	 27	 34	 37	 38
1	 33	 37	 22	 35
1	 38	 37	 25	 22
1	 21	 16	 22	 38
1	 34	 26	 32	 38
1	 21	 19	 16	 38
1	 13	 19	 17	 38
1	 19	 13	 16	 38
1	 26	 17	 19	 38
1	 32	 26	 19	 38
1	 30	 21	 37	 38
1	 30	 37	 34	 38
1	 30	 34	 32	 38
1	 19	 30	 32	 38
1	 30	 19	 21	 38
1	 21	 30	 37	 29
70
1	 10	 9
10	 9	 12
10	 6	 1
33	 21	 29
4	 5	 8
4	 5	 2
3	 11	 7
3	 11	 4
3	 2	 4
14	 4	 8
14	 4	 11
9	 1	 5
9	 12	 5
25	 36	 28
3	 7	 13
13	 6	 3
6	 3	 2
27	 36	 31
27	 34	 36
34	 36	 37
25	 36	 35
37	 36	 35
8	 5	 20
5	 2	 1
17	 13	 6
17	 24	 6
12	 10	 18
1	 2	 6
24	 10	 6
30	 33	 37
30	 33	 29
33	 22	 21
22	 25	 35
20	 23	 31
31	 28	 20
15	 20	 28
25	 15	 28
15	 25	 22
14	 15	 22
20	 15	 8
8	 15	 14
14	 22	 16
16	 11	 14
12	 23	 20
5	 12	 20
11	 16	 7
16	 13	 7
18	 23	 12
18	 10	 24
24	 17	 26
18	 24	 26
23	 18	 27
26	 27	 18
27	 31	 23
36	 31	 28
27	 26	 34
33	 37	 35
33	 22	 35
21	 16	 22
34	 26	 32
21	 19	 16
13	 19	 17
19	 13	 16
26	 17	 19
32	 26	 19
30	 37	 34
30	 34	 32
19	 30	 32
30	 19	 21
21	 30	 29
