13
14.564600	 7.822460	 13.911000
14.867700	 8.520940	 14.085000
14.999200	 7.013820	 14.256500
13.965300	 7.491590	 14.713700
14.168200	 8.713650	 14.768800
15.720800	 7.973370	 14.223700
15.409800	 8.853670	 15.091200
14.470800	 7.017650	 15.162900
14.028400	 7.888980	 15.518800
14.691300	 8.255600	 15.832600
15.578800	 7.076030	 15.149900
14.959000	 7.364710	 15.765300
15.776800	 8.023530	 15.480000
19
1	 9	 8	 4	 12
1	 2	 1	 6	 12
1	 11	 12	 13	 6
1	 6	 3	 11	 1
1	 6	 2	 12	 10
1	 10	 7	 13	 6
1	 1	 2	 5	 12
1	 10	 2	 12	 5
1	 11	 1	 12	 6
1	 2	 7	 10	 6
1	 5	 4	 12	 9
1	 9	 10	 12	 5
1	 6	 12	 13	 10
1	 5	 12	 4	 1
1	 2	 10	 7	 5
1	 11	 8	 12	 4
1	 11	 12	 1	 4
1	 1	 11	 4	 3
1	 11	 3	 8	 4
22
9	 8	 4
9	 8	 12
2	 1	 6
11	 12	 13
11	 13	 6
6	 3	 11
6	 3	 1
10	 7	 13
7	 13	 6
1	 2	 5
2	 7	 6
5	 4	 9
9	 10	 12
9	 10	 5
12	 13	 10
5	 4	 1
2	 7	 5
10	 7	 5
11	 8	 12
1	 4	 3
11	 3	 8
3	 8	 4
